Lfd. Nr.;Block;Verpress-einrichtung;Lage;Schlauchtyp;Befahrene_Strecke;Betonage;Kruemmung;Knick;gezw_Quertschung;frei_Quetschung;Flickstelle;Abschaelung;Eintragung;Beton_Zement;Wasser
1;31;S8;0;1;1,8;0;0;0;0;0;0;0;0;0;0
2;31;G14;1;1;1,08;0;1;0;3;0;0;0;0;0;0
3;31;S3;0;1;1,48;0;1;0;5;1;0;0;0;0;0
4;31;G13;1;1;0,28;0;2;0;0;0;0;0;0;0;0
5;31;S2;0;1;0,25;0;1;0;0;0;0;0;0;0;0
6;31;G11;1;1;0,74;0;0;0;2;0;0;0;0;0;0
7;31;S6;0;1;0,07;0;1;0;0;0;0;0;0;0;0
8;31;S1;0;1;0,85;0;1;0;1;1;0;0;0;0;0
9;31;S5;0;1;2,1;0;3;0;1;0;0;0;0;0;0
10;31;G9;1;1;0,2;0;1;0;0;0;0;0;0;0;0
11;31;S3;0;1;1,5;0;0;0;2;0;0;0;0;0;0
12;31;G10;1;1;1;0;1;0;0;0;0;0;0;0;0
13;31;G20;1;1;1,33;0;1;0;2;0;0;0;0;0;0
14;31;G19;1;1;1,16;0;0;0;0;0;0;0;0;0;0
15;31;G18;1;1;1,2;0;1;0;0;0;0;0;0;0;0
16;31;G17;1;1;1,17;0;1;0;0;0;0;0;0;0;0
17;31;G16;1;1;1,07;0;1;0;0;0;0;0;0;0;0
18;31;G15;1;1;1,18;0;0;0;1;1;0;0;0;0;0
19;31;G22;2;1;1,44;0;0;0;2;0;0;0;0;0;0
20;31;S1;0;1;0,5;1;0;0;0;1;0;0;0;0;0
22;31;S5;0;1;1,58;1;2;0;0;0;0;0;0;0;0
23;31;G9;1;1;0,17;1;0;1;0;0;0;0;0;0;0
24;31;S3;0;1;3,02;1;1;0;2;0;0;0;0;0;1
25;31;G10;1;1;1,03;1;1;0;1;1;0;0;0;0;1
26;31;S6;0;1;0,62;1;2;0;0;0;0;0;0;0;0
27;31;G11;1;1;0,83;1;0;0;0;0;0;0;0;0;1
28;31;S7;0;1;0,24;1;2;0;0;0;0;0;0;0;0
29;31;G12;1;1;0,63;1;1;0;0;0;0;0;0;0;1
30;31;S4;0;1;0,12;1;0;1;0;0;0;0;0;0;0
31;31;G13;1;1;0,23;1;1;0;0;0;0;0;0;0;1
32;31;S8;0;1;3,12;1;2;0;0;0;0;0;0;0;1
33;31;G14;1;1;1,22;1;1;0;1;0;0;0;0;0;1
34;31;G15;1;1;1,23;1;0;0;1;0;0;0;0;0;1
35;31;G16;1;1;1,04;1;0;1;0;0;0;0;0;0;1
36;31;G17;1;1;1,23;1;0;0;0;1;0;0;0;0;1
37;31;G20;1;1;1,34;1;2;0;1;0;0;0;0;0;1
38;31;G19;1;1;1,23;1;1;0;0;0;0;0;0;0;1
39;31;G18;1;1;1,24;1;1;0;0;0;0;0;0;0;1
40;31;G22;2;1;1,14;1;1;0;3;0;0;0;0;1;1
41;32;S7;0;1;0,25;0;1;0;0;0;1;0;0;0;1
42;32;G12;1;1;1,13;0;1;0;1;0;0;0;0;0;0
43;32;S4;0;1;1,2;0;3;0;1;0;0;0;0;0;0
44;32;G13;1;1;1,24;0;1;0;0;0;0;0;0;0;0
45;32;S8;0;1;2;0;1;0;2;0;0;0;0;0;0
46;32;G14;1;1;1,04;0;0;0;0;0;0;0;0;0;0
47;32;S1;0;1;2,22;0;0;0;8;0;0;0;0;0;0
48;32;S5;0;1;2,53;0;2;0;1;2;0;0;0;0;1
49;32;G9;1;1;0,99;0;1;0;0;0;0;0;0;0;0
50;32;S3;0;1;0,76;0;2;0;2;0;0;0;0;0;0
51;32;G10;1;1;0,91;0;0;0;1;0;0;0;0;0;0
52;32;S2;0;1;1,84;0;1;0;3;0;0;0;0;0;0
53;32;S6;0;1;2,33;0;1;0;2;0;0;0;0;0;0
54;32;G11;1;1;1,3;0;0;0;0;0;0;0;0;0;0
55;32;G15;1;1;1,18;0;0;0;2;0;0;0;0;0;0
56;32;G16;1;1;1,16;0;0;0;1;0;0;0;0;0;0
57;32;G17;1;1;1,05;0;0;0;0;0;0;0;0;0;0
58;32;G18;1;1;1,7;0;0;0;0;0;0;0;0;0;0
59;32;G19;1;1;1,11;0;1;0;0;0;0;0;0;0;0
60;32;G20;1;1;1,24;0;0;0;2;0;0;0;0;0;0
61;32;G22;2;1;1,14;0;1;0;2;0;0;0;0;0;0
62;32;G21;2;1;1,13;0;0;0;2;0;0;0;1;0;0
63;32;G23;2;1;1,08;0;1;0;0;0;0;0;0;0;0
64;32;G24;2;1;1,61;0;0;0;2;2;1;0;0;0;0
66;32;S7;0;1;0,26;1;1;0;0;0;1;0;0;0;0
67;32;G12;1;1;1,12;1;0;0;1;0;0;0;0;0;1
68;32;S4;0;1;2,63;1;1;0;3;0;0;0;0;0;0
69;32;G13;1;1;0,16;1;1;1;0;0;0;0;0;0;1
70;32;S8;0;1;3,37;1;1;0;2;0;0;0;0;0;0
71;32;G14;1;1;0,16;1;0;1;0;0;0;0;0;0;0
72;32;S1;0;1;2,94;1;1;0;9;2;0;0;0;0;0
73;32;S5;0;1;3,74;1;2;0;2;1;0;0;0;0;1
74;32;G9;1;1;0,99;1;2;0;0;0;0;0;0;0;1
75;32;S3;0;1;2,44;1;1;0;4;0;0;0;0;0;1
76;32;G10;1;1;0,88;1;1;0;1;0;0;0;0;0;1
77;32;S2;0;1;0,34;1;1;0;1;0;0;0;0;0;0
78;32;S6;0;1;1,53;1;1;0;0;0;0;0;0;0;0
79;32;G11;1;1;1,44;1;0;0;0;0;0;0;1;0;1
80;32;G15;1;1;1,09;1;0;0;0;1;0;0;0;0;1
81;32;G16;1;1;1,14;1;2;0;1;0;0;0;0;0;1
82;32;G17;1;1;1,04;1;0;0;1;0;0;0;0;0;1
83;32;G18;1;1;1,19;1;1;0;1;0;0;0;0;0;1
84;32;G19;1;1;1,18;1;1;0;1;0;0;0;0;0;1
85;32;G20;1;1;1,25;1;2;0;0;0;0;0;0;0;0
86;32;G21;2;1;0,47;1;1;0;3;0;0;0;0;0;1
87;32;G22;2;1;0,92;1;1;0;0;0;0;0;0;1;1
88;32;G23;2;1;1,21;1;0;0;0;0;0;0;0;0;0
89;32;G24;2;1;0,72;1;0;0;0;0;1;0;0;0;1
90;34;S7;0;1;1,96;0;0;0;3;0;1;0;0;0;0
91;34;G12;1;2;1,28;0;0;0;0;0;0;0;0;0;0
92;34;S4;0;1;0,99;0;2;0;1;0;0;0;0;0;0
93;34;G13;1;2;1,11;0;1;0;1;0;0;0;0;0;0
94;34;S8;0;1;0,54;0;1;0;2;0;0;0;0;0;0
95;34;G14;1;2;1,38;0;1;0;0;0;0;0;0;0;0
96;34;S1;0;1;0,42;0;2;0;1;0;0;0;0;0;0
97;34;S5;0;1;2;0;0;0;0;0;0;0;0;0;0
98;34;G9;1;2;1,18;0;0;0;2;1;0;0;0;0;0
99;34;S3;0;1;0,38;0;0;0;0;0;0;0;0;0;0
100;34;G10;1;2;1,02;0;1;0;0;0;0;0;0;0;1
101;34;S2;0;1;0,87;0;4;0;2;0;0;0;0;0;0
102;34;S6;0;1;0,2;0;1;0;1;0;0;0;0;0;0
103;34;G11;1;2;1,24;0;0;0;1;0;0;0;0;0;1
105;34;G15;1;2;0,14;0;0;1;0;0;0;0;0;0;0
106;34;G19;1;2;0,9;0;0;0;1;0;0;0;0;0;0
107;34;G20;1;2;1,11;0;0;1;1;0;0;0;0;0;0
108;34;G18;1;2;1,21;0;0;0;2;0;0;0;0;0;0
109;34;G16;1;2;0,15;0;0;1;0;1;0;0;0;0;0
110;34;G17;1;2;1,12;0;1;0;1;0;0;0;0;0;0
111;34;G21;2;2;1,07;0;0;0;0;0;0;0;0;0;0
112;34;S7;0;1;3,23;1;1;0;2;0;1;0;0;0;0
113;34;G12;1;2;0,4;1;0;0;0;0;0;0;0;0;0
114;34;S4;0;1;0,7;1;2;0;2;0;0;0;0;0;0
115;34;G13;1;2;1,1;1;0;0;1;1;0;0;0;1;1
116;34;S8;0;1;0,53;1;1;0;0;0;0;0;0;0;0
117;34;G14;1;2;1,45;1;0;0;1;0;0;0;0;1;1
118;34;S1;0;1;2,9;1;1;0;2;0;0;0;0;0;0
119;34;S5;0;1;3,17;1;1;0;0;0;0;0;0;0;0
120;34;G9;1;2;1,11;1;0;0;2;0;0;0;0;1;1
121;34;S3;0;1;2,08;1;2;0;2;1;0;0;0;0;0
122;34;G10;1;2;1;1;0;0;0;0;0;0;0;1;1
123;34;S2;0;1;0,1;1;1;0;0;0;0;0;0;0;0
124;34;S6;0;1;0,41;1;0;0;1;1;0;0;0;0;0
125;34;G11;1;2;1,22;1;1;0;2;0;0;0;0;0;1
126;34;G15;1;2;0,25;1;0;0;0;0;0;0;0;1;1
127;34;G16;1;2;0,16;1;0;1;0;0;0;0;0;0;1
128;34;G17;1;2;0,14;1;0;1;0;0;0;0;0;1;1
129;34;G18;1;2;1,26;1;0;0;0;0;0;0;0;0;1
130;34;G19;1;2;0,06;1;0;1;0;0;0;0;0;0;1
131;34;G20;1;2;0,24;1;0;1;0;0;0;0;0;0;0
132;34;G21;2;2;1,03;1;1;0;1;0;0;0;0;1;1
133;34;G22;2;2;0,79;1;1;0;3;0;0;0;0;1;1
134;34;G23;2;2;0,96;1;1;0;2;0;0;0;0;2;1
135;34;G24;2;2;0,13;1;0;1;0;0;0;0;0;0;0
136;35;S7;0;1;2,87;0;0;0;0;0;0;0;1;0;0
137;35;G12;1;3;1,25;0;1;0;0;0;0;0;0;0;0
138;35;G12;1;3;1,25;0;0;0;0;0;0;0;0;0;0
139;35;S4;0;1;1,43;0;0;0;2;0;0;0;0;0;0
140;35;G13;1;3;0,99;0;1;0;0;0;0;0;0;0;0
141;35;S8;0;1;2,88;0;0;0;5;1;0;0;1;1;1
142;35;G14;1;3;0,98;0;0;0;0;0;0;0;0;0;0
143;35;S1;0;1;1,8;0;1;0;3;0;0;0;0;0;1
144;35;S5;0;1;1,45;0;0;0;1;0;0;0;0;0;0
145;35;G9;1;3;1,83;0;0;0;0;0;0;0;0;0;0
146;35;S3;0;1;1,14;0;1;0;4;0;0;0;0;0;0
147;35;G10;1;3;1,79;0;2;0;0;0;0;0;0;0;0
148;35;S2;0;1;1,3;0;4;0;3;0;0;0;0;0;0
149;35;S6;0;1;2,34;0;0;0;1;0;0;0;0;1;0
150;35;G11;1;3;1,17;0;0;0;0;0;0;0;0;0;0
151;35;G15;1;3;1,17;0;0;0;0;0;0;0;0;0;0
152;35;G16;1;3;1,17;0;0;0;0;0;0;0;0;0;0
153;35;G17;1;3;1,9;0;1;0;0;0;0;0;0;0;0
154;35;G18;1;3;1,15;0;1;0;0;0;0;0;0;0;0
155;35;G19;1;3;1,17;0;1;0;0;0;0;0;0;0;0
156;35;G20;1;3;1,21;0;0;0;0;0;0;0;0;0;0
157;35;G21;2;3;2,42;0;2;0;0;0;0;0;0;0;0
158;35;G22;2;3;1,03;0;1;0;0;0;0;0;0;0;0
159;35;G23;2;3;1,49;0;2;0;0;0;0;0;0;0;0
160;35;G24;2;3;1,83;0;1;0;0;0;0;0;0;0;0
161;35;S7;0;1;3,03;1;0;0;0;0;0;0;0;0;0
162;35;G12;1;3;1,27;1;2;0;0;0;0;0;0;0;1
163;35;S4;0;1;0,12;1;1;0;0;0;0;0;0;0;0
164;35;G13;1;3;0,98;1;2;0;0;0;0;0;0;0;1
165;35;S8;0;1;1,57;1;0;0;5;1;0;0;1;0;0
166a;35;G14;1;3;1,03;1;0;0;1;0;0;0;0;0;1
166b;35;S1;0;1;0,2;1;0;0;1;0;0;0;0;0;0
167;35;S5;0;1;1,43;1;0;0;0;0;0;0;0;0;0
168;35;G9;1;3;1,88;1;1;0;0;0;0;0;0;0;1
169;35;S3;0;1;1,23;1;1;0;7;0;0;0;0;0;0
170;35;G10;1;3;0,86;1;2;0;0;0;0;0;0;0;0
171;35;S2;0;1;0,67;1;2;0;3;0;0;0;0;0;0
172;35;S6;0;1;1,19;1;0;0;0;0;0;0;0;1;0
173;35;G11;1;3;2;1;0;0;0;0;0;0;0;0;0
174;35;G15;1;3;0,08;1;0;0;0;0;0;0;0;1;1
175;35;G16;1;3;1,2;1;2;0;0;0;0;0;0;0;0
176;35;G17;1;3;0,9;1;2;0;0;0;0;0;0;0;0
177;35;G19;1;3;0,02;1;1;0;0;0;0;0;0;0;0
178;35;G18;1;3;1,27;1;1;0;0;0;0;0;0;0;0
179;35;G20;1;3;1,1;1;1;0;0;0;0;0;0;0;0
180;35;G21;2;3;1,02;1;2;0;0;0;0;0;0;0;0
181;35;G22;2;3;1,04;1;1;0;0;0;0;0;0;0;0
182;35;G23;2;3;0,13;1;1;0;0;0;0;0;0;0;0
183;35;G24;2;3;0,72;1;2;0;0;0;0;0;0;0;0
184;35;G19;1;3;1,21;1;1;0;0;0;0;0;0;0;1
185;19;S7;0;1;2,35;1;2;0;1;0;0;0;0;0;1
186;19;G12;1;1;1;1;0;0;0;0;0;0;1;0;1
187;19;S4;0;1;0,06;1;0;0;0;0;0;1;0;0;0
188;19;G13;1;1;1;1;0;0;0;0;0;1;1;0;1
189;19;S7;0;1;0,1;1;0;0;0;0;0;1;1;0;0
190;19;G12;1;1;0,06;1;0;0;0;0;0;1;1;0;0
191;19;S1;0;1;2,75;1;1;0;4;1;0;1;0;0;1
192;19;G9;1;1;0,81;1;2;0;0;0;0;1;0;0;1
193;19;S5;0;1;1,82;1;0;0;0;0;1;0;0;0;1
194;19;S3;0;1;3,46;1;1;0;0;3;0;1;0;0;1
195;19;G10;1;1;0,89;1;0;0;1;0;0;0;0;0;1
196;19;S2;0;1;0,13;1;1;0;0;0;0;1;0;0;0
197;19;S6;0;1;0,04;1;0;0;0;0;0;1;0;0;0
198;19;G11;1;1;0,82;1;0;0;1;0;0;1;0;0;1
200;19;G16;1;1;1,25;1;1;0;0;0;0;0;0;0;1
201;19;G19;1;1;1,17;1;0;0;0;0;0;0;0;0;1
202;19;G22;2;1;0,03;1;0;0;0;0;0;1;0;0;0
203;19;G23;2;1;0,1;1;0;0;0;0;0;1;1;0;0
205;19;G9;1;1;0,8;1;2;0;0;0;0;1;0;0;1
206;36;S3;0;1;0,08;1;0;0;0;0;0;1;1;0;0
207;36;G11;1;3;0,06;1;0;0;0;0;0;1;1;0;0
208;36;S6;0;1;-0,1;1;0;0;0;0;0;0;1;0;0
209;36;S2;0;1;0,61;1;1;0;0;0;0;1;0;0;0
210;22;S3;0;1;1,97;1;0;0;1;0;0;1;1;0;1
211;21;G10;1;1;0,06;1;0;0;0;0;0;1;1;0;0
